,Wavelength,1h,5min,3h
0,300,0.0039911909267819215,0.11242256015706462,0.14187844036831254
1,305,0.031254782790885144,0.08151888175282734,0.05635908175521149
2,310,0.03653697997335706,0.0708364476325229,0.031195039304960915
3,315,0.03977023977121605,0.06548038680886611,0.023802873570404857
4,320,0.045836373649721186,0.0510134274016047,0.016162727249598545
5,325,0.049735099824126355,0.06474156183339597,0.011852163352495308
6,330,0.06132897446170323,0.026860927601133906,0.014394167709130972
7,335,0.07068407190529469,0.052882621601099494,0.015673788011280852
8,340,0.02623916156415674,0.07537822213430097,0.01776266776625999
9,345,0.07643727698302334,0.05874042639289823,0.021958138316233625
10,350,0.07489863901838875,0.05430367517521407,0.02334136691386221
11,355,0.07121988377854407,0.04926271654710194,0.02743994302775191
12,360,0.06977450584805432,0.041934426701916314,0.033645142792208656
13,365,0.07176204542126248,0.03648919560929746,0.035844187506829085
14,370,0.05729644230823423,0.030085043661213954,0.03397260402180224
15,375,0.05214034391502137,0.024689184353874353,0.03437486567590123
16,380,0.04366309205037392,0.01924097423891687,0.03370830630451867
17,385,0.0350152543162403,0.014771486139566128,0.028815190322254824
18,390,0.026123720327533323,0.011276823730450879,0.02625287260428739
19,395,0.02177806803725147,0.008629608785842416,0.021289648824492274
20,400,0.015491983417509656,0.006808675854503706,0.018831682263835595
21,405,0.010986265394716173,0.005408143417705011,0.015806388945540813
22,410,0.008216937147308891,0.004582729331085687,0.01440682318652976
23,415,0.006312699550442586,0.003996828125769944,0.01215551494927553
24,420,0.005154273491396216,0.0035783993824509037,0.011661168886834787
25,425,0.003899380822981047,0.0032405754001571118,0.010467110928517912
26,430,0.003381038250499973,0.002860695403433138,0.00906954908366064
27,435,0.0031698280453371225,0.0028007904850069617,0.008398957024834161
28,440,0.002936035641168273,0.0024959902901310793,0.007484760587626899
29,445,0.002811482084022688,0.0023381587357827094,
30,450,0.001550348446987336,0.0010850835616747446,
31,455,,,
